CyberShake_30.xml 0 1 2 3 4 5 0 1 2 3 4 5 0 1 2 3 4 5 0 1 2 3 4 5 0 1 2 3 4 5 0 1 2 3 4 5 3 4 5 0 1 2 0 1 2 3 4 5 0 1 2 3 4 5 0 1 2 3 4 5 
CyberShake_50.xml 6 7 8 3 4 5 9 10 11 0 1 2 0 1 2 3 4 5 6 7 8 9 10 11 0 1 2 6 7 8 3 4 5 9 10 11 9 10 11 0 1 2 6 7 8 3 4 5 0 1 2 9 10 11 3 4 5 6 7 8 0 1 2 6 7 8 3 4 5 9 10 11 6 7 8 9 10 11 3 4 5 0 1 2 3 4 5 6 7 8 0 1 2 9 10 11 6 7 8 0 1 2 3 4 5 9 10 11 3 4 5 0 1 2 9 10 11 6 7 8 
CyberShake_100.xml 12 13 14 15 16 17 9 10 11 3 4 5 6 7 8 0 1 2 6 7 8 15 16 17 9 10 11 0 1 2 12 13 14 3 4 5 12 13 14 6 7 8 15 16 17 0 1 2 9 10 11 3 4 5 3 4 5 0 1 2 12 13 14 15 16 17 9 10 11 6 7 8 15 16 17 3 4 5 6 7 8 0 1 2 9 10 11 12 13 14 12 13 14 3 4 5 9 10 11 0 1 2 6 7 8 15 16 17 3 4 5 0 1 2 6 7 8 9 10 11 12 13 14 15 16 17 9 10 11 15 16 17 6 7 8 12 13 14 0 1 2 3 4 5 6 7 8 9 10 11 12 13 14 15 16 17 0 1 2 3 4 5 9 10 11 3 4 5 0 1 2 15 16 17 12 13 14 6 7 8 
CyberShake_1000.xml 54 55 56 15 16 17 27 28 29 3 4 5 18 19 20 45 46 47 33 34 35 30 31 32 21 22 23 39 40 41 24 25 26 12 13 14 9 10 11 6 7 8 0 1 2 51 52 53 57 58 59 48 49 50 36 37 38 42 43 44 0 1 2 51 52 53 45 46 47 48 49 50 18 19 20 39 40 41 24 25 26 30 31 32 54 55 56 36 37 38 9 10 11 33 34 35 42 43 44 15 16 17 12 13 14 3 4 5 21 22 23 57 58 59 6 7 8 27 28 29 39 40 41 48 49 50 42 43 44 12 13 14 24 25 26 54 55 56 9 10 11 36 37 38 18 19 20 45 46 47 0 1 2 15 16 17 51 52 53 30 31 32 57 58 59 33 34 35 27 28 29 21 22 23 3 4 5 6 7 8 48 49 50 54 55 56 3 4 5 57 58 59 18 19 20 15 16 17 12 13 14 30 31 32 6 7 8 27 28 29 9 10 11 33 34 35 36 37 38 45 46 47 39 40 41 42 43 44 0 1 2 21 22 23 51 52 53 24 25 26 27 28 29 12 13 14 24 25 26 18 19 20 36 37 38 15 16 17 48 49 50 33 34 35 54 55 56 51 52 53 9 10 11 6 7 8 3 4 5 57 58 59 39 40 41 30 31 32 0 1 2 42 43 44 45 46 47 21 22 23 51 52 53 54 55 56 6 7 8 27 28 29 24 25 26 9 10 11 57 58 59 18 19 20 42 43 44 12 13 14 39 40 41 36 37 38 45 46 47 0 1 2 48 49 50 21 22 23 3 4 5 33 34 35 30 31 32 15 16 17 57 58 59 54 55 56 36 37 38 18 19 20 9 10 11 30 31 32 42 43 44 48 49 50 27 28 29 15 16 17 33 34 35 51 52 53 24 25 26 12 13 14 3 4 5 39 40 41 45 46 47 0 1 2 21 22 23 6 7 8 12 13 14 6 7 8 18 19 20 15 16 17 54 55 56 57 58 59 0 1 2 51 52 53 3 4 5 24 25 26 9 10 11 30 31 32 48 49 50 27 28 29 42 43 44 45 46 47 36 37 38 39 40 41 21 22 23 33 34 35 3 4 5 45 46 47 36 37 38 18 19 20 24 25 26 39 40 41 15 16 17 54 55 56 9 10 11 27 28 29 57 58 59 21 22 23 48 49 50 12 13 14 42 43 44 33 34 35 51 52 53 6 7 8 30 31 32 0 1 2 24 25 26 54 55 56 21 22 23 33 34 35 51 52 53 15 16 17 48 49 50 9 10 11 12 13 14 18 19 20 39 40 41 36 37 38 30 31 32 57 58 59 27 28 29 45 46 47 6 7 8 0 1 2 42 43 44 3 4 5 
Epigenomics_24.xml 3 4 5 0 1 2 3 4 5 0 1 2 3 4 5 0 1 2 0 1 2 3 4 5 0 1 2 3 4 5 0 1 2 3 4 5 3 4 5 0 1 2 0 1 2 3 4 5 3 4 5 0 1 2 0 1 2 3 4 5 
Epigenomics_46.xml 3 4 5 6 7 8 9 10 11 0 1 2 9 10 11 3 4 5 6 7 8 0 1 2 9 10 11 6 7 8 3 4 5 0 1 2 0 1 2 6 7 8 3 4 5 9 10 11 9 10 11 0 1 2 6 7 8 3 4 5 9 10 11 3 4 5 0 1 2 6 7 8 3 4 5 0 1 2 9 10 11 6 7 8 6 7 8 9 10 11 3 4 5 0 1 2 3 4 5 0 1 2 6 7 8 9 10 11 6 7 8 9 10 11 0 1 2 3 4 5 
Epigenomics_100.xml 3 4 5 15 16 17 0 1 2 12 13 14 6 7 8 9 10 11 3 4 5 12 13 14 6 7 8 0 1 2 9 10 11 15 16 17 15 16 17 9 10 11 0 1 2 3 4 5 12 13 14 6 7 8 15 16 17 0 1 2 9 10 11 12 13 14 6 7 8 3 4 5 9 10 11 3 4 5 15 16 17 0 1 2 12 13 14 6 7 8 9 10 11 0 1 2 3 4 5 6 7 8 15 16 17 12 13 14 0 1 2 15 16 17 9 10 11 3 4 5 12 13 14 6 7 8 15 16 17 12 13 14 3 4 5 0 1 2 6 7 8 9 10 11 9 10 11 6 7 8 12 13 14 15 16 17 3 4 5 0 1 2 12 13 14 3 4 5 6 7 8 15 16 17 9 10 11 0 1 2 
Epigenomics_997.xml 12 13 14 27 28 29 48 49 50 33 34 35 45 46 47 51 52 53 3 4 5 24 25 26 57 58 59 9 10 11 0 1 2 21 22 23 18 19 20 36 37 38 39 40 41 54 55 56 6 7 8 30 31 32 42 43 44 15 16 17 48 49 50 33 34 35 30 31 32 0 1 2 6 7 8 36 37 38 42 43 44 15 16 17 12 13 14 18 19 20 39 40 41 21 22 23 57 58 59 54 55 56 3 4 5 24 25 26 27 28 29 45 46 47 9 10 11 51 52 53 3 4 5 9 10 11 30 31 32 57 58 59 42 43 44 0 1 2 24 25 26 15 16 17 18 19 20 39 40 41 33 34 35 6 7 8 45 46 47 48 49 50 12 13 14 27 28 29 51 52 53 54 55 56 21 22 23 36 37 38 54 55 56 9 10 11 45 46 47 12 13 14 27 28 29 33 34 35 15 16 17 51 52 53 21 22 23 6 7 8 39 40 41 30 31 32 0 1 2 18 19 20 24 25 26 36 37 38 3 4 5 48 49 50 42 43 44 57 58 59 15 16 17 45 46 47 54 55 56 42 43 44 18 19 20 12 13 14 9 10 11 21 22 23 51 52 53 33 34 35 3 4 5 27 28 29 6 7 8 57 58 59 30 31 32 0 1 2 48 49 50 39 40 41 36 37 38 24 25 26 48 49 50 21 22 23 45 46 47 42 43 44 9 10 11 18 19 20 12 13 14 6 7 8 0 1 2 36 37 38 39 40 41 33 34 35 51 52 53 30 31 32 3 4 5 54 55 56 57 58 59 15 16 17 24 25 26 27 28 29 15 16 17 51 52 53 24 25 26 3 4 5 12 13 14 33 34 35 18 19 20 0 1 2 42 43 44 6 7 8 36 37 38 39 40 41 48 49 50 9 10 11 30 31 32 21 22 23 27 28 29 54 55 56 45 46 47 57 58 59 9 10 11 54 55 56 0 1 2 45 46 47 6 7 8 51 52 53 21 22 23 30 31 32 27 28 29 12 13 14 36 37 38 57 58 59 48 49 50 42 43 44 24 25 26 18 19 20 39 40 41 3 4 5 15 16 17 33 34 35 15 16 17 51 52 53 3 4 5 42 43 44 45 46 47 18 19 20 24 25 26 9 10 11 27 28 29 30 31 32 0 1 2 6 7 8 36 37 38 57 58 59 48 49 50 54 55 56 33 34 35 39 40 41 12 13 14 21 22 23 54 55 56 3 4 5 18 19 20 42 43 44 39 40 41 21 22 23 51 52 53 24 25 26 30 31 32 15 16 17 27 28 29 33 34 35 6 7 8 9 10 11 57 58 59 0 1 2 12 13 14 45 46 47 48 49 50 36 37 38 
Inspiral_30.xml 0 1 2 3 4 5 0 1 2 3 4 5 0 1 2 3 4 5 3 4 5 0 1 2 3 4 5 0 1 2 3 4 5 0 1 2 3 4 5 0 1 2 0 1 2 3 4 5 3 4 5 0 1 2 3 4 5 0 1 2 
Inspiral_50.xml 0 1 2 6 7 8 3 4 5 9 10 11 0 1 2 9 10 11 6 7 8 3 4 5 0 1 2 6 7 8 3 4 5 9 10 11 3 4 5 0 1 2 6 7 8 9 10 11 0 1 2 9 10 11 3 4 5 6 7 8 0 1 2 3 4 5 9 10 11 6 7 8 0 1 2 6 7 8 9 10 11 3 4 5 0 1 2 9 10 11 6 7 8 3 4 5 6 7 8 9 10 11 3 4 5 0 1 2 3 4 5 6 7 8 0 1 2 9 10 11 
Inspiral_100.xml 0 1 2 12 13 14 6 7 8 3 4 5 15 16 17 9 10 11 9 10 11 6 7 8 3 4 5 12 13 14 15 16 17 0 1 2 9 10 11 6 7 8 15 16 17 3 4 5 0 1 2 12 13 14 12 13 14 3 4 5 6 7 8 0 1 2 9 10 11 15 16 17 15 16 17 0 1 2 9 10 11 6 7 8 12 13 14 3 4 5 12 13 14 6 7 8 9 10 11 15 16 17 0 1 2 3 4 5 0 1 2 6 7 8 9 10 11 3 4 5 15 16 17 12 13 14 6 7 8 0 1 2 9 10 11 12 13 14 15 16 17 3 4 5 12 13 14 6 7 8 9 10 11 3 4 5 0 1 2 15 16 17 3 4 5 12 13 14 9 10 11 6 7 8 15 16 17 0 1 2 
Inspiral_1000.xml 45 46 47 18 19 20 51 52 53 24 25 26 3 4 5 6 7 8 30 31 32 54 55 56 0 1 2 21 22 23 57 58 59 15 16 17 39 40 41 9 10 11 33 34 35 36 37 38 42 43 44 12 13 14 27 28 29 48 49 50 33 34 35 36 37 38 9 10 11 12 13 14 15 16 17 6 7 8 54 55 56 51 52 53 21 22 23 39 40 41 24 25 26 18 19 20 30 31 32 45 46 47 3 4 5 27 28 29 57 58 59 48 49 50 0 1 2 42 43 44 48 49 50 24 25 26 30 31 32 51 52 53 42 43 44 36 37 38 57 58 59 3 4 5 15 16 17 9 10 11 18 19 20 12 13 14 33 34 35 39 40 41 54 55 56 21 22 23 27 28 29 0 1 2 6 7 8 45 46 47 18 19 20 21 22 23 0 1 2 3 4 5 27 28 29 12 13 14 9 10 11 24 25 26 54 55 56 51 52 53 45 46 47 39 40 41 42 43 44 57 58 59 15 16 17 30 31 32 33 34 35 36 37 38 48 49 50 6 7 8 42 43 44 3 4 5 39 40 41 9 10 11 24 25 26 0 1 2 30 31 32 6 7 8 18 19 20 27 28 29 45 46 47 21 22 23 12 13 14 54 55 56 36 37 38 48 49 50 15 16 17 33 34 35 51 52 53 57 58 59 0 1 2 12 13 14 3 4 5 30 31 32 39 40 41 51 52 53 9 10 11 48 49 50 33 34 35 27 28 29 57 58 59 42 43 44 15 16 17 21 22 23 24 25 26 36 37 38 45 46 47 6 7 8 18 19 20 54 55 56 57 58 59 21 22 23 24 25 26 15 16 17 6 7 8 9 10 11 3 4 5 33 34 35 54 55 56 18 19 20 51 52 53 39 40 41 48 49 50 30 31 32 42 43 44 36 37 38 12 13 14 45 46 47 0 1 2 27 28 29 45 46 47 9 10 11 24 25 26 36 37 38 42 43 44 18 19 20 6 7 8 3 4 5 54 55 56 12 13 14 33 34 35 57 58 59 48 49 50 51 52 53 21 22 23 30 31 32 27 28 29 0 1 2 39 40 41 15 16 17 39 40 41 42 43 44 24 25 26 12 13 14 21 22 23 27 28 29 48 49 50 45 46 47 15 16 17 3 4 5 9 10 11 33 34 35 36 37 38 18 19 20 6 7 8 57 58 59 30 31 32 0 1 2 54 55 56 51 52 53 33 34 35 24 25 26 15 16 17 36 37 38 12 13 14 21 22 23 45 46 47 27 28 29 30 31 32 57 58 59 6 7 8 54 55 56 3 4 5 48 49 50 18 19 20 39 40 41 0 1 2 9 10 11 51 52 53 42 43 44 
Montage_25.xml 3 4 5 0 1 2 0 1 2 3 4 5 0 1 2 3 4 5 0 1 2 3 4 5 3 4 5 0 1 2 0 1 2 3 4 5 3 4 5 0 1 2 3 4 5 0 1 2 3 4 5 0 1 2 0 1 2 3 4 5 
Montage_50.xml 6 7 8 3 4 5 0 1 2 9 10 11 0 1 2 3 4 5 9 10 11 6 7 8 0 1 2 9 10 11 6 7 8 3 4 5 0 1 2 6 7 8 9 10 11 3 4 5 0 1 2 3 4 5 9 10 11 6 7 8 9 10 11 6 7 8 0 1 2 3 4 5 0 1 2 3 4 5 6 7 8 9 10 11 9 10 11 3 4 5 0 1 2 6 7 8 6 7 8 0 1 2 9 10 11 3 4 5 6 7 8 0 1 2 9 10 11 3 4 5 
Montage_100.xml 3 4 5 9 10 11 0 1 2 6 7 8 15 16 17 12 13 14 6 7 8 3 4 5 9 10 11 0 1 2 12 13 14 15 16 17 9 10 11 0 1 2 3 4 5 15 16 17 6 7 8 12 13 14 12 13 14 9 10 11 3 4 5 0 1 2 6 7 8 15 16 17 6 7 8 12 13 14 15 16 17 3 4 5 9 10 11 0 1 2 0 1 2 3 4 5 6 7 8 15 16 17 12 13 14 9 10 11 0 1 2 15 16 17 6 7 8 9 10 11 3 4 5 12 13 14 6 7 8 0 1 2 3 4 5 12 13 14 9 10 11 15 16 17 15 16 17 12 13 14 9 10 11 3 4 5 0 1 2 6 7 8 0 1 2 15 16 17 12 13 14 3 4 5 6 7 8 9 10 11 
Montage_1000.xml 3 4 5 36 37 38 21 22 23 39 40 41 0 1 2 9 10 11 15 16 17 30 31 32 54 55 56 45 46 47 33 34 35 42 43 44 6 7 8 57 58 59 51 52 53 24 25 26 27 28 29 12 13 14 18 19 20 48 49 50 30 31 32 3 4 5 33 34 35 18 19 20 12 13 14 21 22 23 0 1 2 48 49 50 39 40 41 36 37 38 9 10 11 51 52 53 27 28 29 45 46 47 57 58 59 24 25 26 42 43 44 6 7 8 54 55 56 15 16 17 54 55 56 33 34 35 51 52 53 39 40 41 45 46 47 42 43 44 27 28 29 9 10 11 12 13 14 6 7 8 21 22 23 15 16 17 30 31 32 57 58 59 24 25 26 0 1 2 18 19 20 36 37 38 48 49 50 3 4 5 30 31 32 0 1 2 54 55 56 33 34 35 3 4 5 42 43 44 36 37 38 57 58 59 27 28 29 39 40 41 48 49 50 15 16 17 6 7 8 45 46 47 21 22 23 9 10 11 51 52 53 24 25 26 18 19 20 12 13 14 45 46 47 54 55 56 24 25 26 36 37 38 39 40 41 48 49 50 30 31 32 21 22 23 0 1 2 12 13 14 27 28 29 42 43 44 57 58 59 51 52 53 15 16 17 33 34 35 9 10 11 18 19 20 6 7 8 3 4 5 57 58 59 42 43 44 45 46 47 24 25 26 6 7 8 21 22 23 27 28 29 51 52 53 18 19 20 30 31 32 3 4 5 54 55 56 48 49 50 39 40 41 15 16 17 36 37 38 9 10 11 33 34 35 0 1 2 12 13 14 33 34 35 51 52 53 9 10 11 27 28 29 36 37 38 24 25 26 18 19 20 6 7 8 21 22 23 42 43 44 0 1 2 45 46 47 3 4 5 12 13 14 15 16 17 30 31 32 54 55 56 57 58 59 48 49 50 39 40 41 21 22 23 51 52 53 12 13 14 3 4 5 9 10 11 33 34 35 0 1 2 15 16 17 45 46 47 18 19 20 57 58 59 48 49 50 27 28 29 6 7 8 39 40 41 24 25 26 42 43 44 54 55 56 36 37 38 30 31 32 57 58 59 27 28 29 18 19 20 48 49 50 6 7 8 12 13 14 45 46 47 42 43 44 9 10 11 0 1 2 36 37 38 3 4 5 24 25 26 15 16 17 33 34 35 54 55 56 39 40 41 30 31 32 21 22 23 51 52 53 18 19 20 27 28 29 24 25 26 39 40 41 12 13 14 6 7 8 21 22 23 15 16 17 9 10 11 57 58 59 48 49 50 30 31 32 33 34 35 3 4 5 0 1 2 45 46 47 42 43 44 36 37 38 54 55 56 51 52 53 
Sipht_30.xml 3 4 5 0 1 2 3 4 5 0 1 2 3 4 5 0 1 2 0 1 2 3 4 5 3 4 5 0 1 2 0 1 2 3 4 5 0 1 2 3 4 5 0 1 2 3 4 5 3 4 5 0 1 2 0 1 2 3 4 5 
Sipht_60.xml 3 4 5 6 7 8 9 10 11 0 1 2 3 4 5 9 10 11 6 7 8 0 1 2 9 10 11 3 4 5 0 1 2 6 7 8 3 4 5 6 7 8 9 10 11 0 1 2 6 7 8 0 1 2 3 4 5 9 10 11 9 10 11 0 1 2 3 4 5 6 7 8 3 4 5 9 10 11 6 7 8 0 1 2 9 10 11 3 4 5 0 1 2 6 7 8 3 4 5 9 10 11 0 1 2 6 7 8 3 4 5 0 1 2 9 10 11 6 7 8 
Sipht_100.xml 3 4 5 6 7 8 0 1 2 9 10 11 12 13 14 15 16 17 0 1 2 9 10 11 6 7 8 3 4 5 12 13 14 15 16 17 12 13 14 9 10 11 3 4 5 0 1 2 15 16 17 6 7 8 12 13 14 3 4 5 0 1 2 6 7 8 15 16 17 9 10 11 3 4 5 12 13 14 15 16 17 0 1 2 9 10 11 6 7 8 3 4 5 0 1 2 9 10 11 12 13 14 15 16 17 6 7 8 9 10 11 15 16 17 3 4 5 0 1 2 6 7 8 12 13 14 12 13 14 6 7 8 0 1 2 15 16 17 3 4 5 9 10 11 6 7 8 3 4 5 9 10 11 12 13 14 15 16 17 0 1 2 15 16 17 3 4 5 6 7 8 0 1 2 12 13 14 9 10 11 
Sipht_1000.xml 21 22 23 18 19 20 30 31 32 42 43 44 15 16 17 6 7 8 12 13 14 39 40 41 45 46 47 54 55 56 0 1 2 51 52 53 33 34 35 48 49 50 9 10 11 27 28 29 3 4 5 57 58 59 24 25 26 36 37 38 0 1 2 6 7 8 36 37 38 18 19 20 54 55 56 24 25 26 21 22 23 45 46 47 48 49 50 9 10 11 3 4 5 12 13 14 30 31 32 27 28 29 15 16 17 39 40 41 33 34 35 51 52 53 42 43 44 57 58 59 30 31 32 6 7 8 39 40 41 0 1 2 18 19 20 9 10 11 12 13 14 24 25 26 45 46 47 21 22 23 48 49 50 54 55 56 3 4 5 42 43 44 36 37 38 51 52 53 57 58 59 33 34 35 27 28 29 15 16 17 9 10 11 48 49 50 51 52 53 30 31 32 15 16 17 45 46 47 6 7 8 36 37 38 42 43 44 39 40 41 27 28 29 33 34 35 18 19 20 3 4 5 21 22 23 24 25 26 57 58 59 54 55 56 12 13 14 0 1 2 57 58 59 18 19 20 21 22 23 9 10 11 30 31 32 15 16 17 48 49 50 51 52 53 39 40 41 54 55 56 45 46 47 0 1 2 27 28 29 12 13 14 36 37 38 3 4 5 33 34 35 42 43 44 6 7 8 24 25 26 45 46 47 42 43 44 9 10 11 57 58 59 54 55 56 39 40 41 24 25 26 48 49 50 0 1 2 15 16 17 51 52 53 30 31 32 3 4 5 6 7 8 12 13 14 36 37 38 18 19 20 21 22 23 33 34 35 27 28 29 39 40 41 45 46 47 15 16 17 33 34 35 42 43 44 9 10 11 6 7 8 12 13 14 48 49 50 36 37 38 21 22 23 24 25 26 57 58 59 0 1 2 27 28 29 18 19 20 51 52 53 30 31 32 54 55 56 3 4 5 39 40 41 48 49 50 18 19 20 3 4 5 33 34 35 54 55 56 9 10 11 51 52 53 6 7 8 24 25 26 42 43 44 57 58 59 12 13 14 21 22 23 27 28 29 0 1 2 30 31 32 45 46 47 36 37 38 15 16 17 39 40 41 42 43 44 21 22 23 45 46 47 36 37 38 3 4 5 54 55 56 6 7 8 24 25 26 33 34 35 27 28 29 15 16 17 30 31 32 0 1 2 12 13 14 48 49 50 51 52 53 18 19 20 9 10 11 57 58 59 0 1 2 57 58 59 21 22 23 15 16 17 48 49 50 30 31 32 18 19 20 54 55 56 27 28 29 24 25 26 36 37 38 6 7 8 42 43 44 39 40 41 51 52 53 45 46 47 3 4 5 12 13 14 33 34 35 9 10 11 
