1 a1.xlarge 1 4 8 500 10 17600 0.102 0.02 0.02                 
2 a1.2xlarge 1 8 16 500 10 35200 0.204 0.02 0.02              
3 a1.4xlarge 1 16 32 500 10 70400 0.408 0.02 0.02  
4 a1.xlarge 2 4 8 500 10 17600 0.102 0.02 0.02                 
5 a1.2xlarge 2 8 16 500 10 35200 0.204 0.02 0.02              
6 a1.4xlarge 2 16 32 500 10 70400 0.408 0.02 0.02 
7 a1.xlarge 3 4 8 500 10 17600 0.102 0.02 0.02                 
8 a1.2xlarge 3 8 16 500 10 35200 0.204 0.02 0.02              
9 a1.4xlarge 3 16 32 500 10 70400 0.408 0.02 0.02 
10 m6i.8xlarge 4 32 128 500 12.5 140800 1.536 0.02 0.02 
11 m6i.8xlarge 4 32 128 500 12.5 140800 1.536 0.02 0.02 
12 m6i.8xlarge 4 32 128 500 12.5 140800 1.536 0.02 0.02 
13 m6i.12xlarge 5 48 192 500 18.75 211200 2.304 0.02 0.02  
14 m6i.12xlarge 5 48 192 500 18.75 211200 2.304 0.02 0.02  
15 m6i.12xlarge 5 48 192 500 18.75 211200 2.304 0.02 0.02  
16 m6i.16xlarge 6 64 256 500 25 281600 3.072 0.02 0.02 
17 m6i.16xlarge 6 64 256 500 25 281600 3.072 0.02 0.02 
18 m6i.16xlarge 6 64 256 500 25 281600 3.072 0.02 0.02 
19 a1.xlarge 7 4 8 500 10 17600 0.102 0.02 0.02                 
20 a1.2xlarge 7 8 16 500 10 35200 0.204 0.02 0.02              
21 a1.4xlarge 7 16 32 500 10 70400 0.408 0.02 0.02  
22 a1.xlarge 8 4 8 500 10 17600 0.102 0.02 0.02                 
23 a1.2xlarge 8 8 16 500 10 35200 0.204 0.02 0.02              
24 a1.4xlarge 8 16 32 500 10 70400 0.408 0.02 0.02  
25 a1.xlarge 9 4 8 500 10 17600 0.102 0.02 0.02                 
26 a1.2xlarge 9 8 16 500 10 35200 0.204 0.02 0.02              
27 a1.4xlarge 9 16 32 500 10 70400 0.408 0.02 0.02  
28 m6i.8xlarge 10 32 128 500 12.5 140800 1.536 0.02 0.02 
29 m6i.8xlarge 10 32 128 500 12.5 140800 1.536 0.02 0.02 
30 m6i.8xlarge 10 32 128 500 12.5 140800 1.536 0.02 0.02 
31 m6i.12xlarge 11 48 192 500 18.75 211200 2.304 0.02 0.02  
32 m6i.12xlarge 11 48 192 500 18.75 211200 2.304 0.02 0.02  
33 m6i.12xlarge 11 48 192 500 18.75 211200 2.304 0.02 0.02  
34 m6i.16xlarge 12 64 256 500 25 281600 3.072 0.02 0.02 
35 m6i.16xlarge 12 64 256 500 25 281600 3.072 0.02 0.02 
36 m6i.16xlarge 12 64 256 500 25 281600 3.072 0.02 0.02 
37 a1.xlarge 13 4 8 500 10 17600 0.102 0.02 0.02                 
38 a1.2xlarge 13 8 16 500 10 35200 0.204 0.02 0.02              
39 a1.4xlarge 13 16 32 500 10 70400 0.408 0.02 0.02  
40 a1.xlarge 14 4 8 500 10 17600 0.102 0.02 0.02                 
41 a1.2xlarge 14 8 16 500 10 35200 0.204 0.02 0.02              
42 a1.4xlarge 14 16 32 500 10 70400 0.408 0.02 0.02  
43 a1.xlarge 15 4 8 500 10 17600 0.102 0.02 0.02                 
44 a1.2xlarge 15 8 16 500 10 35200 0.204 0.02 0.02              
45 a1.4xlarge 15 16 32 500 10 70400 0.408 0.02 0.02  
46 m6i.8xlarge 16 32 128 500 12.5 140800 1.536 0.02 0.02 
47 m6i.8xlarge 16 32 128 500 12.5 140800 1.536 0.02 0.02 
48 m6i.8xlarge 16 32 128 500 12.5 140800 1.536 0.02 0.02 
49 m6i.12xlarge 17 48 192 500 18.75 211200 2.304 0.02 0.02  
50 m6i.12xlarge 17 48 192 500 18.75 211200 2.304 0.02 0.02  
51 m6i.12xlarge 17 48 192 500 18.75 211200 2.304 0.02 0.02  
52 m6i.16xlarge 18 64 256 500 25 281600 3.072 0.02 0.02 
53 m6i.16xlarge 18 64 256 500 25 281600 3.072 0.02 0.02 
54 m6i.16xlarge 18 64 256 500 25 281600 3.072 0.02 0.02 
55 a1.2xlarge 19 8 16 500 10 35200 0.204 0.02 0.02
56 a1.2xlarge 19 8 16 500 10 35200 0.204 0.02 0.02
57 a1.2xlarge 19 8 16 500 10 35200 0.204 0.02 0.02
58 a1.4xlarge 20 16 32 500 10 70400 0.408 0.02 0.02  
59 a1.4xlarge 20 16 32 500 10 70400 0.408 0.02 0.02  
60 a1.4xlarge 20 16 32 500 10 70400 0.408 0.02 0.02  